0.3911599882471235
0.8064675730888096
0.18144461585967794
0.5591077299968691
0.1255819011936392
0.2847254545368305
0.2847254545368305
0.17260268065539672
0.35657844399488076
0.618311489890647
0.7390333543591442
0.4879058819939481
0.08072915853694015
0.6535415275092095
0.08072915853694015
0.42155159954608734
0.364420695691173
0.08067015970364591
0.48362730818938865
0.3911599882471235
0.2920332352199716
0.7390333543591442
0.11562937895386659
0.21447930373196386
0.35657844399488076
0.35596873270020135
0.7901613145426308
0.5591077299968691
0.8064675730888096
0.11562937895386659
0.5216226335786308
0.5527751584812051
0.4879058819939481
0.20701994055630163
0.4879058819939481
0.21447930373196386
0.3713557382916423
0.41962174003906993
0.3911599882471235
0.08067015970364591
0.364420695691173
0.4879058819939481
0.5789004273375463
0.5078941201054089
0.20693516043431362
0.41962174003906993
0.5527751584812051
0.41962174003906993
0.4340870506876999
0.06966794949938862
